{
 "cells": [
  {
   "cell_type": "code",
   "execution_count": 1,
   "id": "earned-despite",
   "metadata": {},
   "outputs": [],
   "source": [
    "import numpy as np\n",
    "import scipy.stats as spy\n",
    "import pandas as pd\n",
    "import copy\n"
   ]
  },
  {
   "cell_type": "code",
   "execution_count": 2,
   "id": "fatty-freight",
   "metadata": {},
   "outputs": [],
   "source": [
    "pickle_fns = ['spheres_angles_end', 'skel_distances', 'curvatures_new']"
   ]
  },
  {
   "cell_type": "code",
   "execution_count": 3,
   "id": "significant-breakdown",
   "metadata": {},
   "outputs": [],
   "source": [
    "def getAll(measure_array,id_name):\n",
    "    return measure_array\n",
    "\n",
    "def getSelection(measure_array, id_name, selection):\n",
    "    ids = selection[id_name]\n",
    "    return measure_array[ids]\n",
    "\n",
    "def getPerc(measure_array, id_name,perc=2.5):\n",
    "    min_s = np.percentile(measure_array,perc)\n",
    "    max_s = np.percentile(measure_array,100-perc)\n",
    "    return measure_array[(measure_array > min_s) & (measure_array < max_s)]\n",
    "\n",
    "def getZ(measure_array, id_name, SD=3):\n",
    "    Z = np.abs((measure_array - np.mean(measure_array))/np.std(measure_array))\n",
    "    return measure_array[Z < SD]\n",
    "\n",
    "def getSample(measure_array, n=10000):\n",
    "    data = np.random.choice(measure_array, size=n, replace=True)\n",
    "    return data\n",
    "\n",
    "def getMannWhit(input_data, ids, measure_name,get_func=getAll, sample_size = None, **kwargs):\n",
    "    \n",
    "    size = len(ids)\n",
    "    data_array = list()\n",
    "    num_vals = np.zeros(size,dtype=int)\n",
    "    for i in range(size):\n",
    "        samp = ids[i]\n",
    "        \n",
    "        data_raw = input_data[samp][measure_name]\n",
    "        data = get_func(data_raw,samp,**kwargs)\n",
    "        if sample_size:\n",
    "            data = getSample(data, sample_size)\n",
    "        data_array.append(copy.deepcopy(data))\n",
    "        num_vals[i] = len(data)\n",
    "    stat_arr, pval_arr = calcMannWhitArray(data_array, size)\n",
    "    return {'statistic':stat_arr, 'p-values': pval_arr, 'sizes': num_vals}\n",
    "\n",
    "def calcMannWhitArray(data_arrays, size):\n",
    "\n",
    "    stat_arr = np.zeros((size,size))\n",
    "    pval_arr = np.zeros((size,size))\n",
    "    for i in range(size):\n",
    "        d1 = data_arrays[i]\n",
    "        stat_arr[i,i], pval_arr[i,i] = spy.ks_2samp(d1,d1)\n",
    "        for j in range(size):\n",
    "            if j > i:\n",
    "                stat, pval = spy.mannwhitneyu(d1, data_arrays[j])\n",
    "                stat_arr[i,j] = stat\n",
    "                stat_arr[j,i] = stat\n",
    "                pval_arr[i,j] = pval\n",
    "                pval_arr[j,i] = pval\n",
    "            \n",
    "    return stat_arr, pval_arr\n",
    "\n",
    "\n",
    "def getKeys(data):\n",
    "    for coral in data:\n",
    "        data_arr = data[coral]\n",
    "        keys = list()\n",
    "        for key in data_arr:\n",
    "            numbers = data_arr[key]\n",
    "            if len(numbers.shape) == 1 and isinstance(numbers[0], float):\n",
    "                keys.append(key)\n",
    "        return keys\n",
    "\n",
    "    "
   ]
  },
  {
   "cell_type": "code",
   "execution_count": 4,
   "id": "excited-strength",
   "metadata": {},
   "outputs": [],
   "source": [
    "species_info = pd.read_csv(f'{vtk.DIR_DATA}/species_info_v1.csv')\n",
    "species_info = species_info.sort_values(by='Morphospecies')\n",
    "ids = list(species_info['Sample ID'])\n",
    "del species_info"
   ]
  },
  {
   "cell_type": "code",
   "execution_count": 5,
   "id": "documented-assist",
   "metadata": {},
   "outputs": [
    {
     "name": "stdout",
     "output_type": "stream",
     "text": [
      "spheres_angles_end da\n",
      "spheres_angles_end db\n",
      "spheres_angles_end dc\n",
      "spheres_angles_end angle\n",
      "skel_distances br_rate1\n",
      "skel_distances br_rate2\n",
      "skel_distances br_spacing1\n",
      "skel_distances br_spacing2\n",
      "curvatures_new Gauss\n",
      "curvatures_new Mean\n",
      "curvatures_new Minimum\n",
      "curvatures_new Maximum\n",
      "curvatures_new areas\n"
     ]
    }
   ],
   "source": [
    "ks_measures = {}\n",
    "for fn in pickle_fns:\n",
    "    data = load_data.readPickle(fn)\n",
    "    keys = getKeys(data)\n",
    "    \n",
    "    for key in keys:\n",
    "        print(fn, key)\n",
    "        ks_test = getKolSmir(data,ids,key)\n",
    "        ks_measures[f'{fn}_{key}'] = copy.deepcopy(ks_test)\n",
    "    del data, keys\n",
    "ks_measures['ids'] = ids\n",
    "load_data.writePickle(ks_measures,'ks_tests_raw')"
   ]
  },
  {
   "cell_type": "code",
   "execution_count": 6,
   "id": "optical-ecology",
   "metadata": {},
   "outputs": [
    {
     "name": "stdout",
     "output_type": "stream",
     "text": [
      "{'spheres_angles_end_da': {'statistic': array([[0.        , 0.37394958, 0.1629379 , ..., 0.33516404, 0.18792972,\n",
      "        0.22579107],\n",
      "       [0.37394958, 0.        , 0.32560297, ..., 0.14724465, 0.29220779,\n",
      "        0.4628588 ],\n",
      "       [0.1629379 , 0.32560297, 0.        , ..., 0.3018018 , 0.25293754,\n",
      "        0.24190823],\n",
      "       ...,\n",
      "       [0.33516404, 0.14724465, 0.3018018 , ..., 0.        , 0.25658126,\n",
      "        0.43501463],\n",
      "       [0.18792972, 0.29220779, 0.25293754, ..., 0.25658126, 0.        ,\n",
      "        0.3082968 ],\n",
      "       [0.22579107, 0.4628588 , 0.24190823, ..., 0.43501463, 0.3082968 ,\n",
      "        0.        ]]), 'p-values': array([[1.00000000e+00, 4.83926232e-11, 2.19233477e-02, ...,\n",
      "        8.35918711e-06, 3.66202303e-02, 2.58643028e-04],\n",
      "       [4.83926232e-11, 1.00000000e+00, 1.39617491e-07, ...,\n",
      "        2.02503200e-01, 2.66742878e-04, 5.55111512e-16],\n",
      "       [2.19233477e-02, 1.39617491e-07, 1.00000000e+00, ...,\n",
      "        1.73902573e-04, 2.43632306e-03, 2.09221925e-04],\n",
      "       ...,\n",
      "       [8.35918711e-06, 2.02503200e-01, 1.73902573e-04, ...,\n",
      "        1.00000000e+00, 1.05916400e-02, 4.22653135e-09],\n",
      "       [3.66202303e-02, 2.66742878e-04, 2.43632306e-03, ...,\n",
      "        1.05916400e-02, 1.00000000e+00, 7.27724082e-05],\n",
      "       [2.58643028e-04, 5.55111512e-16, 2.09221925e-04, ...,\n",
      "        4.22653135e-09, 7.27724082e-05, 1.00000000e+00]]), 'sizes': array([187, 154, 147, 143, 211, 110, 119, 164,  81,  91, 264, 116, 106,\n",
      "        59, 120, 111, 125,  49, 206, 124, 327, 110, 205,  76,  81,  88,\n",
      "        82, 106, 179,  47, 104, 118, 123,  98, 261, 131,  93, 207, 169,\n",
      "       244,  95, 154, 145, 216, 122, 107, 240, 113, 112, 231,  92,  89,\n",
      "       117,  84,  75,  66,  80,  56,  77, 139, 183, 279,  95,  87, 149,\n",
      "       232, 118, 157, 103, 159, 164,  73, 126, 117,  91, 137,  74,  77,\n",
      "       157])}, 'spheres_angles_end_db': {'statistic': array([[0.        , 0.45760122, 0.26068609, ..., 0.15226189, 0.1512605 ,\n",
      "        0.08259818],\n",
      "       [0.45760122, 0.        , 0.61255411, ..., 0.46402246, 0.35714286,\n",
      "        0.49760112],\n",
      "       [0.26068609, 0.61255411, 0.        , ..., 0.19470491, 0.31106988,\n",
      "        0.20720135],\n",
      "       ...,\n",
      "       [0.15226189, 0.46402246, 0.19470491, ..., 0.        , 0.15672166,\n",
      "        0.17756929],\n",
      "       [0.1512605 , 0.35714286, 0.31106988, ..., 0.15672166, 0.        ,\n",
      "        0.20167094],\n",
      "       [0.08259818, 0.49760112, 0.20720135, ..., 0.17756929, 0.20167094,\n",
      "        0.        ]]), 'p-values': array([[1.00000000e+00, 1.32871744e-16, 2.02849540e-05, ...,\n",
      "        1.50873328e-01, 1.47325887e-01, 5.67645513e-01],\n",
      "       [1.32871744e-16, 1.00000000e+00, 0.00000000e+00, ...,\n",
      "        2.82430301e-10, 2.98685030e-06, 2.26333445e-18],\n",
      "       [2.02849540e-05, 0.00000000e+00, 1.00000000e+00, ...,\n",
      "        3.80307537e-02, 7.80171594e-05, 2.38567663e-03],\n",
      "       ...,\n",
      "       [1.50873328e-01, 2.82430301e-10, 3.80307537e-02, ...,\n",
      "        1.00000000e+00, 2.71353346e-01, 7.18957450e-02],\n",
      "       [1.47325887e-01, 2.98685030e-06, 7.80171594e-05, ...,\n",
      "        2.71353346e-01, 1.00000000e+00, 2.47659155e-02],\n",
      "       [5.67645513e-01, 2.26333445e-18, 2.38567663e-03, ...,\n",
      "        7.18957450e-02, 2.47659155e-02, 1.00000000e+00]]), 'sizes': array([187, 154, 147, 143, 211, 110, 119, 164,  81,  91, 264, 116, 106,\n",
      "        59, 120, 111, 125,  49, 206, 124, 327, 110, 205,  76,  81,  88,\n",
      "        82, 106, 179,  47, 104, 118, 123,  98, 261, 131,  93, 207, 169,\n",
      "       244,  95, 154, 145, 216, 122, 107, 240, 113, 112, 231,  92,  89,\n",
      "       117,  84,  75,  66,  80,  56,  77, 139, 183, 279,  95,  87, 149,\n",
      "       232, 118, 157, 103, 159, 164,  73, 126, 117,  91, 137,  74,  77,\n",
      "       157])}, 'spheres_angles_end_dc': {'statistic': array([[0.        , 0.58708938, 0.41529339, ..., 0.33848822, 0.42398778,\n",
      "        0.26615348],\n",
      "       [0.58708938, 0.        , 0.64564007, ..., 0.55967006, 0.22077922,\n",
      "        0.58640086],\n",
      "       [0.41529339, 0.64564007, 0.        , ..., 0.14092664, 0.51329623,\n",
      "        0.16794488],\n",
      "       ...,\n",
      "       [0.33848822, 0.55967006, 0.14092664, ..., 0.        , 0.3973324 ,\n",
      "        0.11482183],\n",
      "       [0.42398778, 0.22077922, 0.51329623, ..., 0.3973324 , 0.        ,\n",
      "        0.4234428 ],\n",
      "       [0.26615348, 0.58640086, 0.16794488, ..., 0.11482183, 0.4234428 ,\n",
      "        0.        ]]), 'p-values': array([[1.00000000e+00, 4.44608082e-28, 2.99871239e-13, ...,\n",
      "        6.58587558e-06, 2.45893994e-09, 7.96605451e-06],\n",
      "       [4.44608082e-28, 1.00000000e+00, 0.00000000e+00, ...,\n",
      "        3.99680289e-15, 1.25374543e-02, 4.81149144e-26],\n",
      "       [2.99871239e-13, 0.00000000e+00, 1.00000000e+00, ...,\n",
      "        2.43803751e-01, 1.05482290e-12, 2.35481509e-02],\n",
      "       ...,\n",
      "       [6.58587558e-06, 3.99680289e-15, 2.43803751e-01, ...,\n",
      "        1.00000000e+00, 7.05679344e-06, 4.77126508e-01],\n",
      "       [2.45893994e-09, 1.25374543e-02, 1.05482290e-12, ...,\n",
      "        7.05679344e-06, 1.00000000e+00, 6.74424439e-09],\n",
      "       [7.96605451e-06, 4.81149144e-26, 2.35481509e-02, ...,\n",
      "        4.77126508e-01, 6.74424439e-09, 1.00000000e+00]]), 'sizes': array([187, 154, 147, 143, 211, 110, 119, 164,  81,  91, 264, 116, 106,\n",
      "        59, 120, 111, 125,  49, 206, 124, 327, 110, 205,  76,  81,  88,\n",
      "        82, 106, 179,  47, 104, 118, 123,  98, 261, 131,  93, 207, 169,\n",
      "       244,  95, 154, 145, 216, 122, 107, 240, 113, 112, 231,  92,  89,\n",
      "       117,  84,  75,  66,  80,  56,  77, 139, 183, 279,  95,  87, 149,\n",
      "       232, 118, 157, 103, 159, 164,  73, 126, 117,  91, 137,  74,  77,\n",
      "       157])}, 'spheres_angles_end_angle': {'statistic': array([[0.        , 0.25248281, 0.23202008, ..., 0.3483885 , 0.09243697,\n",
      "        0.16202868],\n",
      "       [0.25248281, 0.        , 0.08565244, ..., 0.13794314, 0.26623377,\n",
      "        0.17131276],\n",
      "       [0.23202008, 0.08565244, 0.        , ..., 0.15774959, 0.25231911,\n",
      "        0.14511027],\n",
      "       ...,\n",
      "       [0.3483885 , 0.13794314, 0.15774959, ..., 0.        , 0.34380484,\n",
      "        0.19951799],\n",
      "       [0.09243697, 0.26623377, 0.25231911, ..., 0.34380484, 0.        ,\n",
      "        0.16891389],\n",
      "       [0.16202868, 0.17131276, 0.14511027, ..., 0.19951799, 0.16891389,\n",
      "        0.        ]]), 'p-values': array([[1.00000000e+00, 3.14358430e-05, 2.21392677e-04, ...,\n",
      "        3.05267179e-06, 7.00794157e-01, 1.95112687e-02],\n",
      "       [3.14358430e-05, 1.00000000e+00, 5.98793687e-01, ...,\n",
      "        2.66046700e-01, 1.23158095e-03, 1.76252318e-02],\n",
      "       [2.21392677e-04, 5.98793687e-01, 1.00000000e+00, ...,\n",
      "        1.55621959e-01, 2.51737811e-03, 7.16152712e-02],\n",
      "       ...,\n",
      "       [3.05267179e-06, 2.66046700e-01, 1.55621959e-01, ...,\n",
      "        1.00000000e+00, 1.69775265e-04, 3.06292714e-02],\n",
      "       [7.00794157e-01, 1.23158095e-03, 2.51737811e-03, ...,\n",
      "        1.69775265e-04, 1.00000000e+00, 9.05009911e-02],\n",
      "       [1.95112687e-02, 1.76252318e-02, 7.16152712e-02, ...,\n",
      "        3.06292714e-02, 9.05009911e-02, 1.00000000e+00]]), 'sizes': array([187, 154, 147, 143, 211, 110, 119, 164,  81,  91, 264, 116, 106,\n",
      "        59, 120, 111, 125,  49, 206, 124, 327, 110, 205,  76,  81,  88,\n",
      "        82, 106, 179,  47, 104, 118, 123,  98, 261, 131,  93, 207, 169,\n",
      "       244,  95, 154, 145, 216, 122, 107, 240, 113, 112, 231,  92,  89,\n",
      "       117,  84,  75,  66,  80,  56,  77, 139, 183, 279,  95,  87, 149,\n",
      "       232, 118, 157, 103, 159, 164,  73, 126, 117,  91, 137,  74,  77,\n",
      "       157])}, 'skel_distances_br_rate1': {'statistic': array([[0.        , 0.59593173, 0.33672736, ..., 0.69537037, 0.68420635,\n",
      "        0.12755069],\n",
      "       [0.59593173, 0.        , 0.33391065, ..., 0.16124661, 0.14006969,\n",
      "        0.61993555],\n",
      "       [0.33672736, 0.33391065, 0.        , ..., 0.45572637, 0.44051872,\n",
      "        0.31275459],\n",
      "       ...,\n",
      "       [0.69537037, 0.16124661, 0.45572637, ..., 0.        , 0.06777778,\n",
      "        0.73482861],\n",
      "       [0.68420635, 0.14006969, 0.44051872, ..., 0.06777778, 0.        ,\n",
      "        0.72950105],\n",
      "       [0.12755069, 0.61993555, 0.31275459, ..., 0.73482861, 0.72950105,\n",
      "        0.        ]]), 'p-values': array([[1.00000000e+000, 1.22124533e-015, 1.22124533e-015, ...,\n",
      "        2.34914250e-078, 1.45977924e-073, 7.31171790e-011],\n",
      "       [1.22124533e-015, 1.00000000e+000, 5.99607552e-026, ...,\n",
      "        2.58517556e-003, 1.43923817e-002, 2.41183730e-118],\n",
      "       [1.22124533e-015, 5.99607552e-026, 1.00000000e+000, ...,\n",
      "        0.00000000e+000, 8.88178420e-016, 1.45017052e-040],\n",
      "       ...,\n",
      "       [2.34914250e-078, 2.58517556e-003, 0.00000000e+000, ...,\n",
      "        1.00000000e+000, 7.73824570e-001, 3.33066907e-016],\n",
      "       [1.45977924e-073, 1.43923817e-002, 8.88178420e-016, ...,\n",
      "        7.73824570e-001, 1.00000000e+000, 3.20512530e-085],\n",
      "       [7.31171790e-011, 2.41183730e-118, 1.45017052e-040, ...,\n",
      "        3.33066907e-016, 3.20512530e-085, 1.00000000e+000]]), 'sizes': array([ 1512,   410,   683,   423,  1256,   274,   340,  1221,   274,\n",
      "         365,   660,   449,   260,   155,   460,   478,   275,   484,\n",
      "        1576,   334,  1093,   301,   522,   230,   218,   197,   743,\n",
      "         278,  3074,   106,   264,   933,   308,   480,   809,  3264,\n",
      "         248,  2499,  4807, 12482,   251,   339,   377,  2125,   972,\n",
      "         277,  1650,   603,  4286,  3168,   246,   180,  3384,   198,\n",
      "         203,   141,   187,   811,   202,   814,  1039,  1020,   232,\n",
      "         179,  3055,   749,  1958,  5297,   211,  3557,   457,   308,\n",
      "        3412,   746,   757,  2328,   180,   175,  1423])}, 'skel_distances_br_rate2': {'statistic': array([[0.        , 0.59791586, 0.3343191 , ..., 0.6973545 , 0.68619048,\n",
      "        0.12953482],\n",
      "       [0.59791586, 0.        , 0.33585687, ..., 0.16612466, 0.14404181,\n",
      "        0.61993555],\n",
      "       [0.3343191 , 0.33585687, 0.        , ..., 0.45865463, 0.45369588,\n",
      "        0.30689807],\n",
      "       ...,\n",
      "       [0.6973545 , 0.16612466, 0.45865463, ..., 0.        , 0.09492063,\n",
      "        0.73482861],\n",
      "       [0.68619048, 0.14404181, 0.45369588, ..., 0.09492063, 0.        ,\n",
      "        0.72950105],\n",
      "       [0.12953482, 0.61993555, 0.30689807, ..., 0.73482861, 0.72950105,\n",
      "        0.        ]]), 'p-values': array([[1.00000000e+000, 1.22124533e-015, 1.22124533e-015, ...,\n",
      "        6.91652692e-079, 4.59846087e-074, 3.44088091e-011],\n",
      "       [1.22124533e-015, 1.00000000e+000, 2.96337737e-026, ...,\n",
      "        1.72171235e-003, 1.08607964e-002, 2.41183730e-118],\n",
      "       [1.22124533e-015, 2.96337737e-026, 1.00000000e+000, ...,\n",
      "        0.00000000e+000, 8.88178420e-016, 4.81775026e-039],\n",
      "       ...,\n",
      "       [6.91652692e-079, 1.72171235e-003, 0.00000000e+000, ...,\n",
      "        1.00000000e+000, 3.69222751e-001, 3.33066907e-016],\n",
      "       [4.59846087e-074, 1.08607964e-002, 8.88178420e-016, ...,\n",
      "        3.69222751e-001, 1.00000000e+000, 3.20512530e-085],\n",
      "       [3.44088091e-011, 2.41183730e-118, 4.81775026e-039, ...,\n",
      "        3.33066907e-016, 3.20512530e-085, 1.00000000e+000]]), 'sizes': array([ 1512,   410,   683,   423,  1256,   274,   340,  1221,   274,\n",
      "         365,   660,   449,   260,   155,   460,   478,   275,   484,\n",
      "        1576,   334,  1093,   301,   522,   230,   218,   197,   743,\n",
      "         278,  3074,   106,   264,   933,   308,   480,   809,  3264,\n",
      "         248,  2499,  4807, 12482,   251,   339,   377,  2125,   972,\n",
      "         277,  1650,   603,  4286,  3168,   246,   180,  3384,   198,\n",
      "         203,   141,   187,   811,   202,   814,  1039,  1020,   232,\n",
      "         179,  3055,   749,  1958,  5297,   211,  3557,   457,   308,\n",
      "        3412,   746,   757,  2328,   180,   175,  1423])}, 'skel_distances_br_spacing1': {'statistic': array([[0.        , 0.1894576 , 0.13929208, ..., 0.31427952, 0.23529412,\n",
      "        0.12003134],\n",
      "       [0.1894576 , 0.        , 0.19047619, ..., 0.34942085, 0.15584416,\n",
      "        0.14629002],\n",
      "       [0.13929208, 0.19047619, 0.        , ..., 0.20739106, 0.19418677,\n",
      "        0.15745916],\n",
      "       ...,\n",
      "       [0.31427952, 0.34942085, 0.20739106, ..., 0.        , 0.37065637,\n",
      "        0.33516956],\n",
      "       [0.23529412, 0.15584416, 0.19418677, ..., 0.37065637, 0.        ,\n",
      "        0.17023741],\n",
      "       [0.12003134, 0.14629002, 0.15745916, ..., 0.33516956, 0.17023741,\n",
      "        0.        ]]), 'p-values': array([[1.00000000e+00, 3.91165360e-03, 7.24879243e-02, ...,\n",
      "        3.80427600e-05, 3.86509767e-03, 1.54065432e-01],\n",
      "       [3.91165360e-03, 1.00000000e+00, 7.09795971e-03, ...,\n",
      "        6.02509420e-06, 1.59775510e-01, 6.27443932e-02],\n",
      "       [7.24879243e-02, 7.09795971e-03, 1.00000000e+00, ...,\n",
      "        2.31319205e-02, 3.76413432e-02, 3.99526333e-02],\n",
      "       ...,\n",
      "       [3.80427600e-05, 6.02509420e-06, 2.31319205e-02, ...,\n",
      "        1.00000000e+00, 3.66735388e-05, 1.54879511e-05],\n",
      "       [3.86509767e-03, 1.59775510e-01, 3.76413432e-02, ...,\n",
      "        3.66735388e-05, 1.00000000e+00, 8.61124047e-02],\n",
      "       [1.54065432e-01, 6.27443932e-02, 3.99526333e-02, ...,\n",
      "        1.54879511e-05, 8.61124047e-02, 1.00000000e+00]]), 'sizes': array([187, 154, 147, 143, 211, 110, 119, 164,  81,  91, 264, 116, 106,\n",
      "        59, 120, 111, 125,  49, 206, 124, 327, 110, 205,  76,  81,  88,\n",
      "        82, 106, 179,  47, 104, 118, 123,  98, 261, 131,  93, 207, 169,\n",
      "       244,  95, 154, 145, 216, 122, 107, 240, 113, 112, 231,  92,  89,\n",
      "       117,  84,  75,  66,  80,  56,  77, 139, 183, 279,  95,  87, 149,\n",
      "       232, 118, 157, 103, 159, 164,  73, 126, 117,  91, 137,  74,  77,\n",
      "       157])}, 'skel_distances_br_spacing2': {'statistic': array([[0.        , 0.11229947, 0.18585616, ..., 0.46632461, 0.13216196,\n",
      "        0.17640247],\n",
      "       [0.11229947, 0.        , 0.25231911, ..., 0.52667603, 0.11038961,\n",
      "        0.25159236],\n",
      "       [0.18585616, 0.25231911, 0.        , ..., 0.32754183, 0.24242424,\n",
      "        0.11547294],\n",
      "       ...,\n",
      "       [0.46632461, 0.52667603, 0.32754183, ..., 0.        , 0.55265005,\n",
      "        0.42459976],\n",
      "       [0.13216196, 0.11038961, 0.24242424, ..., 0.55265005, 0.        ,\n",
      "        0.19116552],\n",
      "       [0.17640247, 0.25159236, 0.11547294, ..., 0.42459976, 0.19116552,\n",
      "        0.        ]]), 'p-values': array([[1.00000000e+00, 2.16889449e-01, 5.71323433e-03, ...,\n",
      "        5.37616618e-11, 2.69629521e-01, 8.34135791e-03],\n",
      "       [2.16889449e-01, 1.00000000e+00, 1.03161121e-04, ...,\n",
      "        2.89990254e-13, 5.48494212e-01, 7.86591539e-05],\n",
      "       [5.71323433e-03, 1.03161121e-04, 1.00000000e+00, ...,\n",
      "        3.79669907e-05, 4.19727736e-03, 2.37667124e-01],\n",
      "       ...,\n",
      "       [5.37616618e-11, 2.89990254e-13, 3.79669907e-05, ...,\n",
      "        1.00000000e+00, 2.93745028e-11, 1.10939907e-08],\n",
      "       [2.69629521e-01, 5.48494212e-01, 4.19727736e-03, ...,\n",
      "        2.93745028e-11, 1.00000000e+00, 3.88045024e-02],\n",
      "       [8.34135791e-03, 7.86591539e-05, 2.37667124e-01, ...,\n",
      "        1.10939907e-08, 3.88045024e-02, 1.00000000e+00]]), 'sizes': array([187, 154, 147, 143, 211, 110, 119, 164,  81,  91, 264, 116, 106,\n",
      "        59, 120, 111, 125,  49, 206, 124, 327, 110, 205,  76,  81,  88,\n",
      "        82, 106, 179,  47, 104, 118, 123,  98, 261, 131,  93, 207, 169,\n",
      "       244,  95, 154, 145, 216, 122, 107, 240, 113, 112, 231,  92,  89,\n",
      "       117,  84,  75,  66,  80,  56,  77, 139, 183, 279,  95,  87, 149,\n",
      "       232, 118, 157, 103, 159, 164,  73, 126, 117,  91, 137,  74,  77,\n",
      "       157])}, 'curvatures_new_Gauss': {'statistic': array([[0.        , 0.16655424, 0.02465876, ..., 0.09782889, 0.13915726,\n",
      "        0.02139993],\n",
      "       [0.16655424, 0.        , 0.18652159, ..., 0.07542411, 0.02752757,\n",
      "        0.1866113 ],\n",
      "       [0.02465876, 0.18652159, 0.        , ..., 0.11971739, 0.15936315,\n",
      "        0.01637731],\n",
      "       ...,\n",
      "       [0.09782889, 0.07542411, 0.11971739, ..., 0.        , 0.05272645,\n",
      "        0.11571491],\n",
      "       [0.13915726, 0.02752757, 0.15936315, ..., 0.05272645, 0.        ,\n",
      "        0.1592989 ],\n",
      "       [0.02139993, 0.1866113 , 0.01637731, ..., 0.11571491, 0.1592989 ,\n",
      "        0.        ]]), 'p-values': array([[1.00000000e+000, 0.00000000e+000, 0.00000000e+000, ...,\n",
      "        0.00000000e+000, 0.00000000e+000, 3.76353922e-277],\n",
      "       [0.00000000e+000, 1.00000000e+000, 0.00000000e+000, ...,\n",
      "        0.00000000e+000, 1.47949996e-136, 0.00000000e+000],\n",
      "       [0.00000000e+000, 0.00000000e+000, 1.00000000e+000, ...,\n",
      "        0.00000000e+000, 0.00000000e+000, 2.34288666e-154],\n",
      "       ...,\n",
      "       [0.00000000e+000, 0.00000000e+000, 0.00000000e+000, ...,\n",
      "        1.00000000e+000, 0.00000000e+000, 0.00000000e+000],\n",
      "       [0.00000000e+000, 1.47949996e-136, 0.00000000e+000, ...,\n",
      "        0.00000000e+000, 1.00000000e+000, 0.00000000e+000],\n",
      "       [3.76353922e-277, 0.00000000e+000, 2.34288666e-154, ...,\n",
      "        0.00000000e+000, 0.00000000e+000, 1.00000000e+000]]), 'sizes': array([1612678,  487733, 1436637, 1336334, 1630417,  791151,  643521,\n",
      "        756227,  788519,  556152, 1800627, 1234534,  680412,  481472,\n",
      "        892248, 1094591,  988484,  293971, 1655689,  985589, 2316731,\n",
      "        895381, 1634449,  676491,  824720,  723957,  630157,  792311,\n",
      "        747374,  236884,  663301,  456206,  885464,  696408,  874967,\n",
      "        536978,  443754,  719821,  709986,  930562,  704474, 1017922,\n",
      "        422000,  634045,  942231,  368177, 1665629,  474619,  458168,\n",
      "        786892,  429120,  475313,  618079,  337911,  368915,  272488,\n",
      "        881172,  266728,  664871, 1119556, 1715675, 2097646,  461928,\n",
      "        290500,  757497,  933468,  441271, 1456025,  390661, 1095918,\n",
      "       1495925,  630107,  640537,  415264,  461928,  547683,  374267,\n",
      "        358968, 1223195])}, 'curvatures_new_Mean': {'statistic': array([[0.        , 0.1472966 , 0.01409613, ..., 0.09895726, 0.10908787,\n",
      "        0.00852034],\n",
      "       [0.1472966 , 0.        , 0.14378387, ..., 0.04899363, 0.04123339,\n",
      "        0.1466958 ],\n",
      "       [0.01409613, 0.14378387, 0.        , ..., 0.09641623, 0.10782712,\n",
      "        0.0094442 ],\n",
      "       ...,\n",
      "       [0.09895726, 0.04899363, 0.09641623, ..., 0.        , 0.02745356,\n",
      "        0.09871904],\n",
      "       [0.10908787, 0.04123339, 0.10782712, ..., 0.02745356, 0.        ,\n",
      "        0.10910015],\n",
      "       [0.00852034, 0.1466958 , 0.0094442 , ..., 0.09871904, 0.10910015,\n",
      "        0.        ]]), 'p-values': array([[1.00000000e+000, 0.00000000e+000, 1.44501684e-131, ...,\n",
      "        0.00000000e+000, 0.00000000e+000, 2.73071006e-044],\n",
      "       [0.00000000e+000, 1.00000000e+000, 0.00000000e+000, ...,\n",
      "        0.00000000e+000, 6.42309485e-306, 0.00000000e+000],\n",
      "       [1.44501684e-131, 0.00000000e+000, 1.00000000e+000, ...,\n",
      "        0.00000000e+000, 0.00000000e+000, 1.29830165e-051],\n",
      "       ...,\n",
      "       [0.00000000e+000, 0.00000000e+000, 0.00000000e+000, ...,\n",
      "        1.00000000e+000, 2.09695661e-120, 0.00000000e+000],\n",
      "       [0.00000000e+000, 6.42309485e-306, 0.00000000e+000, ...,\n",
      "        2.09695661e-120, 1.00000000e+000, 0.00000000e+000],\n",
      "       [2.73071006e-044, 0.00000000e+000, 1.29830165e-051, ...,\n",
      "        0.00000000e+000, 0.00000000e+000, 1.00000000e+000]]), 'sizes': array([1612678,  487733, 1436637, 1336334, 1630417,  791151,  643521,\n",
      "        756227,  788519,  556152, 1800627, 1234534,  680412,  481472,\n",
      "        892248, 1094591,  988484,  293971, 1655689,  985589, 2316731,\n",
      "        895381, 1634449,  676491,  824720,  723957,  630157,  792311,\n",
      "        747374,  236884,  663301,  456206,  885464,  696408,  874967,\n",
      "        536978,  443754,  719821,  709986,  930562,  704474, 1017922,\n",
      "        422000,  634045,  942231,  368177, 1665629,  474619,  458168,\n",
      "        786892,  429120,  475313,  618079,  337911,  368915,  272488,\n",
      "        881172,  266728,  664871, 1119556, 1715675, 2097646,  461928,\n",
      "        290500,  757497,  933468,  441271, 1456025,  390661, 1095918,\n",
      "       1495925,  630107,  640537,  415264,  461928,  547683,  374267,\n",
      "        358968, 1223195])}, 'curvatures_new_Minimum': {'statistic': array([[0.        , 0.23289336, 0.0199752 , ..., 0.14700745, 0.17771093,\n",
      "        0.0106154 ],\n",
      "       [0.23289336, 0.        , 0.2386033 , ..., 0.08861396, 0.05579762,\n",
      "        0.2423775 ],\n",
      "       [0.0199752 , 0.2386033 , 0.        , ..., 0.15426039, 0.1845518 ,\n",
      "        0.01606925],\n",
      "       ...,\n",
      "       [0.14700745, 0.08861396, 0.15426039, ..., 0.        , 0.0353624 ,\n",
      "        0.1561038 ],\n",
      "       [0.17771093, 0.05579762, 0.1845518 , ..., 0.0353624 , 0.        ,\n",
      "        0.18721303],\n",
      "       [0.0106154 , 0.2423775 , 0.01606925, ..., 0.1561038 , 0.18721303,\n",
      "        0.        ]]), 'p-values': array([[1.00000000e+000, 0.00000000e+000, 8.88841553e-264, ...,\n",
      "        0.00000000e+000, 0.00000000e+000, 1.63110957e-068],\n",
      "       [0.00000000e+000, 1.00000000e+000, 0.00000000e+000, ...,\n",
      "        0.00000000e+000, 0.00000000e+000, 0.00000000e+000],\n",
      "       [8.88841553e-264, 0.00000000e+000, 1.00000000e+000, ...,\n",
      "        0.00000000e+000, 0.00000000e+000, 1.27767990e-148],\n",
      "       ...,\n",
      "       [0.00000000e+000, 0.00000000e+000, 0.00000000e+000, ...,\n",
      "        1.00000000e+000, 1.65156879e-199, 0.00000000e+000],\n",
      "       [0.00000000e+000, 0.00000000e+000, 0.00000000e+000, ...,\n",
      "        1.65156879e-199, 1.00000000e+000, 0.00000000e+000],\n",
      "       [1.63110957e-068, 0.00000000e+000, 1.27767990e-148, ...,\n",
      "        0.00000000e+000, 0.00000000e+000, 1.00000000e+000]]), 'sizes': array([1612678,  487733, 1436637, 1336334, 1630417,  791151,  643521,\n",
      "        756227,  788519,  556152, 1800627, 1234534,  680412,  481472,\n",
      "        892248, 1094591,  988484,  293971, 1655689,  985589, 2316731,\n",
      "        895381, 1634449,  676491,  824720,  723957,  630157,  792311,\n",
      "        747374,  236884,  663301,  456206,  885464,  696408,  874967,\n",
      "        536978,  443754,  719821,  709986,  930562,  704474, 1017922,\n",
      "        422000,  634045,  942231,  368177, 1665629,  474619,  458168,\n",
      "        786892,  429120,  475313,  618079,  337911,  368915,  272488,\n",
      "        881172,  266728,  664871, 1119556, 1715675, 2097646,  461928,\n",
      "        290500,  757497,  933468,  441271, 1456025,  390661, 1095918,\n",
      "       1495925,  630107,  640537,  415264,  461928,  547683,  374267,\n",
      "        358968, 1223195])}, 'curvatures_new_Maximum': {'statistic': array([[0.        , 0.17364371, 0.02927723, ..., 0.11021277, 0.16065486,\n",
      "        0.02102524],\n",
      "       [0.17364371, 0.        , 0.1960393 , ..., 0.06450001, 0.02162111,\n",
      "        0.19350121],\n",
      "       [0.02927723, 0.1960393 , 0.        , ..., 0.1352703 , 0.1834364 ,\n",
      "        0.02317142],\n",
      "       ...,\n",
      "       [0.11021277, 0.06450001, 0.1352703 , ..., 0.        , 0.05160872,\n",
      "        0.12963484],\n",
      "       [0.16065486, 0.02162111, 0.1834364 , ..., 0.05160872, 0.        ,\n",
      "        0.18047804],\n",
      "       [0.02102524, 0.19350121, 0.02317142, ..., 0.12963484, 0.18047804,\n",
      "        0.        ]]), 'p-values': array([[1.00000000e+000, 0.00000000e+000, 0.00000000e+000, ...,\n",
      "        0.00000000e+000, 0.00000000e+000, 1.51968142e-267],\n",
      "       [0.00000000e+000, 1.00000000e+000, 0.00000000e+000, ...,\n",
      "        0.00000000e+000, 2.11308151e-084, 0.00000000e+000],\n",
      "       [0.00000000e+000, 0.00000000e+000, 1.00000000e+000, ...,\n",
      "        0.00000000e+000, 0.00000000e+000, 1.39945718e-308],\n",
      "       ...,\n",
      "       [0.00000000e+000, 0.00000000e+000, 0.00000000e+000, ...,\n",
      "        1.00000000e+000, 0.00000000e+000, 0.00000000e+000],\n",
      "       [0.00000000e+000, 2.11308151e-084, 0.00000000e+000, ...,\n",
      "        0.00000000e+000, 1.00000000e+000, 0.00000000e+000],\n",
      "       [1.51968142e-267, 0.00000000e+000, 1.39945718e-308, ...,\n",
      "        0.00000000e+000, 0.00000000e+000, 1.00000000e+000]]), 'sizes': array([1612678,  487733, 1436637, 1336334, 1630417,  791151,  643521,\n",
      "        756227,  788519,  556152, 1800627, 1234534,  680412,  481472,\n",
      "        892248, 1094591,  988484,  293971, 1655689,  985589, 2316731,\n",
      "        895381, 1634449,  676491,  824720,  723957,  630157,  792311,\n",
      "        747374,  236884,  663301,  456206,  885464,  696408,  874967,\n",
      "        536978,  443754,  719821,  709986,  930562,  704474, 1017922,\n",
      "        422000,  634045,  942231,  368177, 1665629,  474619,  458168,\n",
      "        786892,  429120,  475313,  618079,  337911,  368915,  272488,\n",
      "        881172,  266728,  664871, 1119556, 1715675, 2097646,  461928,\n",
      "        290500,  757497,  933468,  441271, 1456025,  390661, 1095918,\n",
      "       1495925,  630107,  640537,  415264,  461928,  547683,  374267,\n",
      "        358968, 1223195])}, 'curvatures_new_areas': {'statistic': array([[0.        , 0.79449522, 0.01823903, ..., 0.78197899, 0.79148275,\n",
      "        0.03661944],\n",
      "       [0.79449522, 0.        , 0.77632158, ..., 0.02124681, 0.02024827,\n",
      "        0.7580535 ],\n",
      "       [0.01823903, 0.77632158, 0.        , ..., 0.76377183, 0.77326641,\n",
      "        0.03232246],\n",
      "       ...,\n",
      "       [0.78197899, 0.02124681, 0.76377183, ..., 0.        , 0.01131496,\n",
      "        0.74556234],\n",
      "       [0.79148275, 0.02024827, 0.77326641, ..., 0.01131496, 0.        ,\n",
      "        0.75504878],\n",
      "       [0.03661944, 0.7580535 , 0.03232246, ..., 0.74556234, 0.75504878,\n",
      "        0.        ]]), 'p-values': array([[1.00000000e+000, 0.00000000e+000, 5.51273382e-220, ...,\n",
      "        0.00000000e+000, 0.00000000e+000, 0.00000000e+000],\n",
      "       [0.00000000e+000, 1.00000000e+000, 0.00000000e+000, ...,\n",
      "        1.78738920e-083, 4.47793365e-074, 0.00000000e+000],\n",
      "       [5.51273382e-220, 0.00000000e+000, 1.00000000e+000, ...,\n",
      "        0.00000000e+000, 0.00000000e+000, 0.00000000e+000],\n",
      "       ...,\n",
      "       [0.00000000e+000, 1.78738920e-083, 0.00000000e+000, ...,\n",
      "        1.00000000e+000, 8.34487880e-021, 0.00000000e+000],\n",
      "       [0.00000000e+000, 4.47793365e-074, 0.00000000e+000, ...,\n",
      "        8.34487880e-021, 1.00000000e+000, 0.00000000e+000],\n",
      "       [0.00000000e+000, 0.00000000e+000, 0.00000000e+000, ...,\n",
      "        0.00000000e+000, 0.00000000e+000, 1.00000000e+000]]), 'sizes': array([1612678,  487733, 1436637, 1336334, 1630417,  791151,  643521,\n",
      "        756227,  788519,  556152, 1800627, 1234534,  680412,  481472,\n",
      "        892248, 1094591,  988484,  293971, 1655689,  985589, 2316731,\n",
      "        895381, 1634449,  676491,  824720,  723957,  630157,  792311,\n",
      "        747374,  236884,  663301,  456206,  885464,  696408,  874967,\n",
      "        536978,  443754,  719821,  709986,  930562,  704474, 1017922,\n",
      "        422000,  634045,  942231,  368177, 1665629,  474619,  458168,\n",
      "        786892,  429120,  475313,  618079,  337911,  368915,  272488,\n",
      "        881172,  266728,  664871, 1119556, 1715675, 2097646,  461928,\n",
      "        290500,  757497,  933468,  441271, 1456025,  390661, 1095918,\n",
      "       1495925,  630107,  640537,  415264,  461928,  547683,  374267,\n",
      "        358968, 1223195])}}\n"
     ]
    }
   ],
   "source": [
    "print(ks_measures)"
   ]
  },
  {
   "cell_type": "code",
   "execution_count": 5,
   "id": "applicable-brunei",
   "metadata": {},
   "outputs": [],
   "source": [
    "def prepareSelection(fn_selection, selection_name, ids):\n",
    "    selection = load_data.readPickle(fn_selection)\n",
    "    selection_dict = {}\n",
    "    for coral_id in ids:\n",
    "        selection_dict[coral_id] = selection[coral_id][selection_name]\n",
    "    return selection_dict\n",
    "        \n",
    "    "
   ]
  },
  {
   "cell_type": "code",
   "execution_count": 6,
   "id": "legitimate-meaning",
   "metadata": {},
   "outputs": [],
   "source": [
    "selection_combos = {\n",
    "    'long': {\n",
    "        'fn_choose': 'skel_distances',\n",
    "        'selections': 'long_enough',\n",
    "        'data': 'skel_distances',\n",
    "        'measures': ['br_rate1', 'br_rate2'],\n",
    "        'sample_size': 70 \n",
    "    },\n",
    "    'tips': {\n",
    "        'fn_choose': 'poly_ends',\n",
    "        'selections': 'point_ids',\n",
    "        'data': 'curvatures_new',\n",
    "        'measures': ['Mean','Gauss', 'Minimum', 'Maximum'],\n",
    "        'sample_size': 10000\n",
    "    }\n",
    "    \n",
    "}"
   ]
  },
  {
   "cell_type": "code",
   "execution_count": 61,
   "id": "increased-wound",
   "metadata": {},
   "outputs": [
    {
     "name": "stdout",
     "output_type": "stream",
     "text": [
      "{'fn_choose': 'skel_distances', 'selections': 'long_enough', 'data': 'skel_distances', 'measures': ['br_rate1', 'br_rate2'], 'sample_size': 70}\n",
      "skel_distances br_rate1\n",
      "skel_distances br_rate2\n",
      "{'fn_choose': 'poly_ends', 'selections': 'point_ids', 'data': 'curvatures_new', 'measures': 'all', 'sample_size': 10000}\n",
      "curvatures_new Gauss\n",
      "curvatures_new Mean\n",
      "curvatures_new Minimum\n",
      "curvatures_new Maximum\n",
      "curvatures_new areas\n"
     ]
    }
   ],
   "source": [
    "measures_dict = {}\n",
    "\n",
    "for select_method in selection_combos:\n",
    "    select_array = selection_combos[select_method]\n",
    "    print(select_array)\n",
    "    data_name = select_array['data']\n",
    "    data = load_data.readPickle(data_name)\n",
    "    measures = select_array['measures']\n",
    "    if measures == 'all':\n",
    "        measures = getKeys(data)\n",
    "    selection = prepareSelection(select_array['fn_choose'], select_array['selections'],ids)\n",
    "    for key in measures:\n",
    "        print(data_name, key)\n",
    "        ks_test = getKolSmir(data,ids,key,get_func=getSelection, selection=selection, sample_size = select_array['sample_size'])\n",
    "        ks_measures[f'{data_name}_{key}_{select_method}'] = copy.deepcopy(ks_test)\n",
    "    del data, selection\n",
    "ks_measures['ids'] = ids        \n",
    "load_data.writePickle(ks_measures,'ks_tests_selection_sample')    "
   ]
  },
  {
   "cell_type": "code",
   "execution_count": 50,
   "id": "narrow-toddler",
   "metadata": {},
   "outputs": [
    {
     "name": "stdout",
     "output_type": "stream",
     "text": [
      "spheres_angles_end da\n",
      "spheres_angles_end db\n",
      "spheres_angles_end dc\n",
      "spheres_angles_end angle\n",
      "skel_distances br_rate1\n",
      "skel_distances br_rate2\n",
      "skel_distances br_spacing1\n",
      "skel_distances br_spacing2\n",
      "curvatures_new Gauss\n"
     ]
    },
    {
     "ename": "KeyboardInterrupt",
     "evalue": "",
     "output_type": "error",
     "traceback": [
      "\u001b[0;31m---------------------------------------------------------------------------\u001b[0m",
      "\u001b[0;31mKeyboardInterrupt\u001b[0m                         Traceback (most recent call last)",
